cam0:
  camera_model: pinhole
  intrinsics: [0.80065662, 833.006, 830.345, 373.850, 253.749]
  distortion_model: plumb_bob
  distortion_coeffs: [-0.07887891947450222, 0.4588960095444313, 0.006888684421117055, 0.008517424390681028, 0]
  T_cam_imu:
  - [ 0.01567142, 0.99978002,-0.01393948,-0.03997419]
  - [-0.99966203, 0.01595569, 0.02052137,-0.01735854]
  - [ 0.02073927, 0.01361317, 0.99969223, 0.00326019]
  - [0.0, 0.0, 0.0, 1.0]
  timeshift_cam_imu: -8.681e-05
  rostopic: /cam0/image_raw
  resolution: [640, 480]