image_width: 640
image_height: 480
camera_name: narrow_stereo
camera_matrix:
  rows: 3
  cols: 3
  data: [958.099683, 0, 274.393564, 0, 967.5977349999999, 295.947378, 0, 0, 1]
distortion_model: plumb_bob
distortion_coefficients:
  rows: 1
  cols: 5
  data: [0.103935, -0.25267, 0.021415, -0.014961, 0]
rectification_matrix:
  rows: 3
  cols: 3
  data: [1, 0, 0, 0, 1, 0, 0, 0, 1]
projection_matrix:
  rows: 3
  cols: 4
  data: [968.90448, 0, 269.261886, 0, 0, 975.216003, 300.20845, 0, 0, 0, 1, 0]