# oST version 5.0 parameters


[image]

width
640

height
480

[narrow_stereo]

camera matrix
958.099683 0.000000 274.393564
0.000000 967.597735 295.947378
0.000000 0.000000 1.000000

distortion
0.103935 -0.252670 0.021415 -0.014961 0.000000

rectification
1.000000 0.000000 0.000000
0.000000 1.000000 0.000000
0.000000 0.000000 1.000000

projection
968.904480 0.000000 269.261886 0.000000
0.000000 975.216003 300.208450 0.000000
0.000000 0.000000 1.000000 0.000000

